-9447 68 1274 w T
-3026 69 -7392 P
-3263 69 -7261 P
-3170 73 -6720 P
-9863 71 1754 T
-3442 75 -7248 P
-3467 73 -7282 T
-3416 67 -6691 P
-3367 76 -6470 T
-3432 71 -5907 P
-3367 67 -5430 T
-3421 89 -6940 P
-3676 72 -7057 T
-3656 67 -6851 P
-3688 129 -6723 P
-3527 70 -5638 T
-3751 95 -5862 T
-3751 84 -6182 w T
-3840 70 -7447 P
-3783 69 -7126 T
-3767 75 -5158 T
-3975 71 -5638 T
-9490 72 128 P
-4050 68 -7184 P
-4279 68 -6662 T
-11449 75 -1241 T
-12087 73 -1990 T
-11864 98 -1619 P
-2229 67 -4023 w T
-4263 75 -5302 T
-4392 73 -7491 P
-4423 70 -6326 T
-4466 72 -6016 P
-4419 76 -7078 T
-4679 72 -5606 T
-4776 77 -7259 P
-4905 67 -5716 T
-4935 71 -5910 T
-4967 72 -6710 T
-5143 71 -7814 T
-5226 72 -5131 w P
-5239 69 -6598 T
-5639 68 -5990 T
-5587 72 -7142 T
-5906 70 -7456 P
-6135 68 -7030 T
-6263 75 -7222 T
-8103 66 -4054 T
-7943 78 -1222 T
-11439 76 -960 T
-11488 98 2597 P
-11703 114 2585 T
-11929 72 -964 T
-12136 67 2141 P
1128 97 -1152 P
1214 91 -1184 P
798 70 -1504 P
329 77 -1942 T
-12082 73 -992 P
-1048 66 -2867 P
-1544 72 -3300 T
-2775 76 -3430 T
-12230 66 2238 P
-4200 112 -4339 P
-4535 75 -4630 T
-6328 67 -6931 P
-6418 67 -7432 P
-6658 69 -7488 P
-7132 68 -7526 P
-7191 70 -8790 T
-7191 75 -8822 T
-9325 82 -7222 T
-9583 72 -7805 T
-9774 124 -7645 T
-12498 74 2402 T
-12414 68 2271 P
-12674 75 2272 P
-12914 71 2577 P
-13066 70 -315 P
-9847 75 -7222 T
-9963 79 -5002 w T
